0.28497657044841296
0.27975093554351893
0.27571544891991456
0.1595570450881535
0.002875126297459908
-0.000654602561807154
0.35142744569279294
-0.0007193141234648004
0.22708829915614265
0.0002513087226924209
-0.0002799509896355755
-0.0005462281062345467
0.3559674187512175
0.000648279372893049
0.0001701459450497041
0.0005493604266009881
-0.006988114321450729
0.1177093487411217
0.23156559639546592
0.0005779512924994562
0.2566509187538787
0.03583205989779952
-0.09473658436159314
-0.3005197606536262
0.9461691522041118
0.09979672800017872
-0.00036282038894385734
-9.062795183466069e-05
0.011427354583735734
0.012112190429726655
0.015608263498232633
0.015617439048904317
0.02149877248352049
0.02670230543023225
0.02859779790444417
0.030955262828108863
0.028707881306646095
0.04750286260972386
0.04454745691833992
0.044463918805536976
0.04614465276043808
0.04319689076227013
0.022123066736356126
0.004223672916782668
0.006143089392663523
0.007381070017740744
0.005709384511778836
0.012356890159236102
0.01942959595419303
0.020825049179785365
0.025779708339480872
0.01935693487281897
0.020473353449331093
0.019848144384956322
0.04503479392928929
0.046511790068792136
0.05138056504831476
0.047409526625426295
0.0221359612693256
0.019905880995154345
0.00835099085129029
0.013115273748105765
0.015610939514760808
0.02548711453047358
0.01540257141264116
0.01631282307888195
0.022560688579885177
0.023254042879242025
0.020264073270907935
0.02155397181697357
0.02723093247421319
0.027368052501811433
0.03949966188775761
0.04924380647463284
0.031128917992804508
0.024220030084038308
0.008546421914705105
0.01717484161265528
0.018963949771382604
0.0010574100485854865
0.011246984430144895
0.01664489058223104
0.027904010810039175
0.032897233782617594
0.027658675922349028
0.03468796391179302
0.02711949554195562
0.02046509081545064
0.02035493377472285
0.03956622808905445
0.0372622643166555
0.019801147388563426
0.016491943128299446
0.013445870837569675
0.008277671852543923
-0.0072372875731988905
0.0016595868280032478
0.012719581598552729
0.026195653476284577
0.0368740951844065
0.03499041411096194
0.027806302829061196
0.029549437870136492
0.02977155408442711
0.03085977060827092
0.026255858881059097
0.03950418446196813
0.017869837438130146
0.015427314191316112
0.012946704397142962
0.015026318423421366
-0.008006518681973232
-0.0009572813587205775
0.009487562579527726
0.032555878950514754
0.03783469463936267
0.03348788077461192
0.031591535780730685
0.026327697750713863
0.018735837764092482
0.021999992425739915
0.02704609081826336
0.04997712319452551
0.019828932878323206
0.005020377557796305
0.014265331246336355
0.009443239796132024
0.0007266555775259868
0.007824959112729743
0.02533506209845924
0.026919737898549245
0.02667435687880796
0.025112839781525457
0.027065863298379872
0.02688841406581445
0.018992830138038173
0.021916106769764555
0.039360931890998895
0.051486049094626195
0.017172333797871635
0.0038714707275283693
0.00795597828229022
0.006651941435772368
0.003889121883587672
0.0019842056246331353
0.026634278235089688
0.029954400392211984
0.01876625825663182
0.010902188351344459
0.013673190662367758
0.02720986350026121
0.01709270223217969
0.01888439227585529
0.027116558585349795
0.05518405433985417
0.0077715748712139385
0.009312452702340664
0.006368938904272641
-0.002786099391476446
0.0021088011617138537
0.0042681332995633346
0.013136183924648794
0.01181238648602225
0.010741643441545339
0.003832932346175897
0.01622952120893861
0.026822350136691677
0.005097855516804496
0.030365305016206188
0.027510437889102433
0.051525968268574314
0.020405386971401145
0.007652872215190984
0.008092017632230011
0.004043598816790125
-0.0030803615048832665
-0.00678583349102044
0.009236465173972277
0.007256994050274438
-0.002434183077555585
-0.007939876479837444
0.0028999249196933405
0.01920307590798761
0.008295436384049287
0.02570952466068263
0.02748865949256485
0.05419036266307913
0.03574814631210757
-0.0008243763091758934
-0.004520446722436874
-0.000654756156933123
-0.01868198922247542
-0.00031936377264386363
0.004128137689827446
-0.0064919920622833645
-0.016923772345596944
-0.016592707823948498
-0.011290284613140977
0.0007464109265170717
0.007869142154105642
0.025009165043170058
0.027449946906503167
0.047401056893079205
0.003999262617066539
0.007203319570223289
-0.00017067787800336852
-0.0014198402490545913
0.013582065829781834
-0.017824913146723638
-0.0059362538492015084
-0.010871568112389577
-0.03857945681233705
-0.0452807938597518
-0.026882190317772593
-0.017049576733837956
0.013494032052163209
0.006980575349917086
0.011276915283049223
0.038243131308700884
0.008269925412670092
0.005842623994348937
-0.0018759989397482892
-0.0026588113939345244
-0.009059909460914733
0.0005408822793209211
0.006912119752512249
0.0016893845606574878
-0.02402435474548288
-0.03627849372319051
-0.012454885711676772
-0.005813708293941028
0.007352837812676511
0.017336967120494345
0.009237448163673504
0.012862143469155558
0.043380741657661544
-0.005678761225714567
-0.007185959286336608
-0.000790882056769193
-0.011301297139386615
0.006904324921637527
0.014212316880451971
0.00728789506789507
0.004807642349268901
0.012017561455569812
0.00994291287606111
0.009755098110123216
0.01486147354330979
0.016571017430095966
0.009154448012534828
0.011723895621758242
0.027601073110577804
0.002241990283177097
-0.03115232635909357
-0.02653622369234119
0.0017285734515576478
0.01427572895958094
0.025577631511875698
0.023049926708916986
0.021696793364591873
0.02634140813198925
0.027521963535680177
0.017768896245304
0.0109690041862055
0.008458859839473783
0.019599518768736758
0.015985107378297562
0.015138866169263115
-0.049473473624442925
-0.0142841653779116
-0.0010424752192422114
-0.008519834506698269
0.019346259850820637
0.021141125757675006
0.030537048837775943
0.03252107190101564
0.03225414904710573
0.025219110247120362
0.020965577549787767
0.013445084370423988
0.013482368293805022
0.00508814053505008
0.007920855323620772
0.0070524898727338655
-0.004618733797598159
-0.005678852924263692
-0.005487642021349373
-0.008494505644021773
-0.01022380234859937
-0.011037442344118933
-0.0113508295666585
-0.008750081526200404
-0.004946006681086168
-0.010902063987902564
-0.018234325028345155
-0.013558554003262245
-0.014106832576961235
-0.013650889125779902
-0.0015431938314660713
0.0007905185363863271
-0.005253296812983935
-0.0030940655496885607
-0.0024699876270839133
-0.0025195830718964807
-0.008432841587421568
-0.007332696545165333
-0.008136674926386074
-0.008555846724109107
-0.0072585732304657645
-0.004102481152118844
-0.017429094465300533
-0.0163492103361303
-0.01450463877748274
-0.015728123250197384
-0.0042014631289942215
-0.002707255187095566
-0.0008298187814420759
-0.0014798723006713263
-0.0009082399331221827
-0.005466843784317282
-0.005318018728665051
-0.003623894065456958
-0.00302652245667699
-0.004968208935310301
-0.008896197365649996
-0.006582144444040195
-0.005708702392455409
-0.006435548250127583
-0.009128919536215967
-0.013673847062383206
-0.0008417366973012175
-0.0008775070794549116
-0.0034156772531005308
-0.006910852927699438
-0.00330302947729385
0.0016388805458790309
-0.004231492185441641
-0.009072471504304215
-0.005525292103167385
-0.01209453785813219
-0.009462978897460011
-0.00841211171036129
-0.007378605449597691
-0.004167127560160395
-0.0035649042815901356
-0.009873423858337204
-0.008591031274468143
-0.0006199503292877787
-0.0022195757280089826
-0.0021556865796291524
-0.000892663164978294
0.00579136513178365
-0.003043724963515464
-0.005729264089626926
-0.011211175000861724
-0.011991055993614833
-0.010402654857020518
-0.008499167972566075
-0.009959382394601956
-0.005190951924036666
-0.007426346250821255
-0.009492219487318999
-0.011176913911076175
-0.0001435998292623052
-0.0073297004419745244
-0.0007543379764553145
-0.0009093532117928386
0.0056773795122965955
0.0005472303261613574
-0.005411448734960101
-0.010997057190629557
-0.014630627086634136
-0.014233694379685902
-0.010962260939369414
-0.008429561088888711
-0.005876096883281115
-0.005930994391444084
-0.005922849209445253
-0.012132445285363752
-0.0012888069861071855
-0.0012225401110287555
0.0007697646457469501
-0.0010545388528538765
0.004373326273460652
-0.0013632076794804892
-0.01152660581576242
-0.010656518978593262
-0.014867014871490032
-0.009813783799889397
-0.011987524591852278
-0.008244904906962443
-0.005058514854059202
-0.009517354269767495
-0.012223256246085659
-0.00947998447008555
-0.0004937132891452718
-0.0018319252659831228
-0.003073985799069158
-0.0013006079225512078
-0.001471790062303572
-0.0035730801431139787
-0.009839340897697887
-0.012167371315963134
-0.011125235489052086
-0.003783906517051251
-0.0038660411316823644
-0.006757378632348385
-0.00609242825986112
-0.007109636602772007
-0.013799904034661852
-0.011498959379339358
0.0017011452034658146
-0.002479402325555261
-0.0007137764357868792
0.0015539732558160916
-0.0002885012925885617
-0.0028330887187629065
-0.004878818878785383
-0.009726476799662397
-0.005271163031134595
-0.0024179327982151015
-0.00652441909727604
-0.0088638503334534
-0.0008570664542491221
-0.00847191650115164
-0.010404986444126454
-0.012729264533838928
0.0009235964895704231
-0.0028820264535718574
-0.002381261472116908
0.0008728537226409337
0.0018396545807307012
0.003945036547793565
-0.003981648563454482
-0.003944344152043008
-0.0021662322781719934
-0.00023979996148034474
-0.0037343836557375497
-0.006947201705946398
-0.002332352877813743
-0.004391361142975153
-0.006884497476043167
-0.010834673617114404
0.0009111170016608864
0.004346101810732193
0.0025255503015201956
0.0001477316317541218
0.0063920285808351865
0.00032670213236488696
-0.0032977412107598946
0.0005501122396048943
0.00522707478724784
0.0001216380794204898
-0.000984294962879409
-0.002975701365925984
-0.00021966182687832743
-0.004887189108253968
-0.010794339868301498
-0.015225494602709642
0.0002760215112991443
0.00497734547092942
0.0041973164628603486
0.0027646732189512387
-0.0025816842355673663
0.006605610453164295
-0.0021573637218437964
0.0034008144936878196
0.010828532641072839
0.00973645931850601
0.010478348509381865
0.002574997746028514
-0.005332711235511011
-0.0013441789169250232
-0.003650471118157326
-0.00946153664879791
0.0017686899429951
0.0020797264858703228
0.006380972067027114
0.004861811628902743
0.0047648626807667415
-0.0020985582433244035
-0.0036164951826151933
-0.002159353081668562
0.006666718460357367
0.011214927650719506
0.0034560329371040735
0.0014542176327735925
-0.0031794914770866996
-0.003587644176560551
-0.0002864722405894499
-0.0013002472297528047
-0.009267538158213108
0.005397948755601571
0.002319513379847992
0.0015391413698978495
0.005106689514500724
-0.00196022376383319
-0.0037214947340897617
-0.0025036879761345388
-0.0015754235933771966
-0.004195383418998222
-0.0046871813109462005
-0.00333331247431419
-0.005874848169778267
-0.003126930697209925
0.00045880791659509506
0.0014961704673422812
-0.005528154701932104
0.0004041081707250886
0.01356341974187597
0.012362873138834891
0.003642776957916021
-0.0015986740330385361
-0.007968734548512133
-0.005357236206648518
-0.008977308658527035
-0.010930617553940102
-0.010598719554985345
-0.005779949603931351
-0.0022274205883811324
-0.0027702552544331955
-0.0037310808288117166
-0.0011698604895595632
-0.001930369034023872
0.017432898226367496
0.011153463914387826
0.001756159212871471
0.004057727060712935
-0.005505129414261559
-0.008860365621717374
-0.012169741820650799
-0.012489303204667424
-0.012356939984919582
-0.01068172298633788
-0.007226284511693121
-0.005953663417864063
-0.0042085152409404355
-0.001831043077777264
-0.0009119336207536364
-0.0013083501000969845
-0.004945938904093219
-0.0039224051655015755
-0.005488224718952899
-0.009817061429842192
-0.016081044187330563
-0.015958171482806035
-0.012940255108631222
-0.014002269217915364
-0.007310334159840256
-0.01777150641141007
-0.02978827989841332
-0.019389671962041208
-0.017820660518120045
-0.014108723503161828
-0.0054481179673465325
-0.0022061015181180036
-0.004685678878003821
-0.001781029532125988
-0.00312357157603988
-0.0035612494207023756
-0.010913370286512005
-0.00918330775875674
-0.011314246944786057
-0.008875212206741869
-0.011234010058108692
-0.004872118140898209
-0.02519981213660345
-0.01918372221424777
-0.01746985647828171
-0.02067763599801256
-0.0073665214006274305
-0.004234568548850974
8.175936299489547e-05
-0.00026638239130766066
-0.0028956437271824174
-0.0012724486154586168
-0.006122025795674663
-0.003856519471084805
-0.0017728200243731583
-0.008687152927143255
-0.010264003207459809
-0.012447598465822137
-0.009716941646105797
-0.008234594435639495
-0.012697764643714455
-0.014104816867026856
-0.003910527303014186
-0.004533088449739278
-0.00043580144323564565
-0.0059172509119216595
-0.0019898387191629005
0.003145462198000416
-0.004777799648189479
-0.009614113414082652
-0.007072356498334117
-0.018700567915626715
-0.009494339462443756
-0.012556673090548514
-0.010943539033095287
-0.010951918763388408
-0.007207256084876391
-0.013735069385382692
-0.00687055966225027
-0.003042300756539147
-0.001837441666636754
-0.004425640029123858
-0.0011223206728506025
0.00665662353741236
-0.0032823188659405057
-0.0052719587804066406
-0.013010239656258221
-0.011498004517623353
-0.015361776677581082
-0.01262735722702313
-0.01606028592851612
-0.012352553146894131
-0.011885295825762972
-0.008638028846567003
-0.012760552745642528
-0.000817853050543373
-0.0049810579012021985
-0.0006343721877918546
-0.0012706600144285732
0.006426520733141246
0.0012631929082670766
-0.005979426861523725
-0.01435314088419389
-0.018559397751346563
-0.017929966170593243
-0.018941413673689716
-0.011415647172689574
-0.008518238817554985
-0.01148618956786344
-0.009158609803286286
-0.016976543032207022
-0.005716863439172215
0.000688162066061842
0.000717619296623609
-0.0013880135221544805
0.004825330015073311
-0.0020663395337375892
-0.013240223835323627
-0.017644035812441672
-0.016202548912915664
-0.013729131059877388
-0.012099402945408953
-0.015697894589016662
-0.007230489287436914
-0.012762599035042626
-0.013441191117903662
-0.014673619480512386
-0.004429904782062129
-0.0008267627436788082
-0.002664568039730725
-0.002645909711099422
-0.0025767520410923256
-0.002752809216520786
-0.015491247010338787
-0.02005008684542741
-0.015856931654353198
-0.005770531246381307
-0.009291477444392428
-0.010799329628361441
-0.008024377047633459
-0.009600954478728
-0.012071894158075837
-0.013648957666092048
0.0023562031674129215
-0.0008065374429889396
-0.0011457683549139998
0.0009486945436115693
-0.00043855600751537384
-0.0028394617818776236
-0.006895832783297011
-0.00785135193435972
-0.005698848953957709
-0.004175767868539326
-0.010348639246545551
-0.015197246967138008
-0.0006856497057432227
-0.013783590765831025
-0.014395854812022203
-0.01742851498795954
-0.00019873943635335565
0.000162466650496477
-0.002996633027341999
-0.00011246087102603796
0.0009819652131485147
0.00497426553307585
-0.00398234360474
-0.004162927710535291
-0.0035724211806685688
-0.0007701612184558501
-0.007764346695645697
-0.011392998454545882
-0.004429639401444179
-0.0037507731419899448
-0.015621866833170931
-0.016540131049182682
-0.000773493247484369
0.008391813660236162
0.006485572045450245
0.0012986343321392893
0.0098033384545869
0.0017399382216278486
-0.0034135697137653766
0.0019429265821522112
0.004229979394818841
-0.0007243177319208561
-0.0025581373990554374
-0.005356290524411239
0.001884618485558918
-0.006580368616478859
-0.010909087720972288
-0.017654672773004105
0.0007931511897131557
0.005435904095245832
0.00316829704818335
0.001622231160184805
-0.002425807439492329
0.005202520871313617
-0.0011872370716621789
0.003810916091645484
0.010666394701317672
0.010437390263977768
0.0020138090236551526
0.002944435940401078
-0.008574066328807054
-0.003938148101126187
-0.0027527718210485904
-0.012754494082054011
0.003758295271649719
0.002142036916269966
0.005941688151143307
0.007665376638648324
0.008647205594825264
-0.0012070275578775055
-0.004154469551469805
0.00020201490485719864
0.011327747473679246
0.018240719127283405
0.006323997830269625
0.001519901697336664
-0.004890762585805261
-0.0065760292341047145
-0.004542194588456407
-0.005946596747769735
-0.011987690733964065
0.0037883327443453494
0.0043983830270979025
-0.0009460547786791374
0.005391733442732708
-0.002115226527241479
-0.005434172173022866
-0.0019099494651354679
-0.0031065114996889206
-0.0037297827910956786
-0.007729696064886393
-0.0047827141593969665
-0.007701820377770237
-0.007436486569022334
-0.00137363380489327
0.0008457524890830397
-0.006454399915834072
0.0008752218554209789
0.014403233840001663
0.006725840264309199
0.000112856688657607
-0.0031108466701531626
-0.012368390978523255
-0.011870184962401133
-0.010028474526602863
-0.014616169396393205
-0.015162006708745016
-0.012250958817878155
-0.003786566064070596
-0.002772264753060399
-0.00718820186956465
-0.001980843641376394
-0.004201225030145682
0.01894546567886056
0.007761112214537898
-0.0011819058255612856
0.004191975168020524
-0.010001481240616174
-0.011147205770108509
-0.014031701926758604
-0.016255207700145255
-0.01343513920556306
-0.015151070069104119
-0.0143672733192616
-0.00661856950304074
-0.006159572945445978
-0.00208324576871054
-0.0011927055641845483
-0.0022589148660646214
-0.0003316486469098813
-0.0006687516586051051
0.0004861141567843092
-0.0005554078033704858
0.0004602751614097788
-0.00044264884773073557
0.0006941011567341438
-0.0005445991783860891
0.0005419630475169801
-0.0003623227497669444
-0.0006149676747000072
0.0006475407899696506
-0.0005566807634639233
-0.0002919535038374175
-0.0007223193269390322
0.0005401330220313548
0.0006814406689115266
0.0002949227595550382
0.0006053095577268634
-0.00041749003383503456
-0.0006663650913670472
-0.00029635605558832735
-0.0006159838633432446
0.00026027191143612564
-0.00029201667888155967
-0.00028317887571453087
-0.0006434498778172147
0.0006677033739320537
0.00040249312770190295
0.0004857601554838294
-0.00032604277904175463
-0.0007373716249413743
0.0005700035421429002
-0.0003537258507805966
-0.0003377880560084098
-0.00018685073225415002
-0.0006628435803486958
-0.0005281246342055375
-0.0004997078343824612
0.0005383965049064493
0.00028557023581459004
0.0002662757125490578
0.000117107506712919
0.000100405316869489
-0.0006192347318563977
0.0006645503907503467
0.0002672662335365824
-0.0007243444027622728
0.0006671032529579088
0.0007086379828917968
-0.0006709415446355354
0.0005944599735959598
-0.00046380483647219246
0.0005810010642540562
-0.0005623554669235541
0.0001772562160849984
-0.0002850063797336234
-0.0006845342886224522
-0.0007064252436698823
-0.0007080398640479531
-0.0002613985733866547
-0.0006907428136036522
0.0002708862213315164
0.0005601108967848978
-0.00034687180352888417
0.0006820364789668404
0.00016663750392637423
-0.00021140958319640552
0.0005160735399703539
-0.0004069528612097777
-0.0004838102037153073
0.000475331416260973
-0.0003659022255203743
0.000647977281352276
0.00027634007098043044
0.00029650055867801
-0.0007601964530466276
-0.0006158240574104213
-0.0002992712093439422
-0.00031658220305314736
-0.0006828146314723871
-0.000437776159279192
-0.00029269757958751705
-0.0007315583190734287
0.0005113164771424664
0.0005156319745701933
-0.000655357653895767
-0.00042819993408475636
-0.000531874065261591
0.0005340988332870682
0.0006718008678929606
0.0006270321692654463
-0.0004237993648565858
0.00023382222420806776
0.0003904878647366498
0.0005789438745020731
-0.0005012423483549266
-0.00045050452608570474
0.000534173575464381
0.0007039398865173105
-0.0006678956690843129
-0.0003398986155243159
-0.0008191312149552819
0.0007840247562374984
-0.0007634132202079282
-0.00025323243802445193
-0.0004003966486143002
-0.00020733025347419339
0.0005272041840297349
-0.0006983661918289689
-0.00035798098396904636
-0.00023501659235896678
-0.000301038000842089
0.0006810922373012092
0.00026818183411745256
0.0002912093855955676
-0.0003036523118384801
0.0006124879254173505
-0.000801823026643982
-0.0006720545987467486
-0.00046394887059892894
-0.0007462959255464406
0.0003238070023555081
0.0007056250358058531
-0.000515773849117023
-0.0002751708728494398
0.0002714972793576092
-0.00035639105283803946
-0.00033068619674780854
0.0003044944492673319
0.0006929549410100268
0.0006803977174960319
0.000651568202223433
0.0002556205473687764
0.0002819639861535168
0.0005607750396999793
0.0004975989828870455
-0.0006049638783948406
0.0002517152259461947
0.0003982467017167894
0.000707711440133545
0.0004127259987317237
0.0009346475150903925
0.0006770837234473209
0.00039442559353460136
-0.0001621928867678779
-0.0005567350820511296
-0.00048653157972682395
0.0008138848688221919
0.00032699141235027914
-0.0004334713426036728
-0.0006248123845813357
-0.00027832423823722133
0.0002518435569742283
0.0005705780471188719
-0.00044399040588459114
-7.198612443289065e-05
0.0006870653169993544
0.0005492929146984329
0.00021278412719509033
-0.0003282582109247722
0.0006963349850002117
-0.0006826551319996878
0.0005345965407712236
-0.0005215555068202452
-0.00015843755515652187
-0.0002781173040015065
-0.0004190259153035855
-0.00033663293994105
-0.00024052652281124527
-0.0007246013081149423
-0.0004772286191735331
0.0005697327837193879
-0.0007272288343371659
0.0011656350889447365
-0.0004466076664303392
0.0008346833575151372
-0.0005915856628592839
-0.0003382224631813227
0.0007105260001078108
-0.00028693964193527853
0.0002304676657026506
-0.0003369957474729285
0.0006910474288122509
-0.00042042312968687437
-0.0003649366576050012
0.0005890701705052999
-0.0009111220941580907
-0.0005449267704522663
0.0007670057877161489
0.0004420955371197146
0.00033237224664028073
0.0006954942939171097
-0.0003350144705013215
0.0005608615501226215
0.0004109828718276878
0.0006990288784957906
0.0006869529787350802
0.0002961273476964504
-0.0002967127526428287
0.0004624440080219104
0.00023263778420126225
0.0006540930512389275
-0.0002499912585327479
-0.00035967260852283207
0.0007375942219499481
0.0004254647744479456
-0.000652102730074345
0.00040801043911872087
-0.00036420932828941724
-0.0005595058025740544
-0.0006964537612511115
-0.00029864943942954766
0.00032903729062635557
0.00026372211802957036
-0.0002372477884011444
-0.0007336429008267384
0.0006578158630576927
0.0006111005112930993
0.0006067755863753178
-0.00036708730845383744
-0.0006784603498334607
0.0007374784094969023
0.0003716471522329579
0.0006905267688827076
-0.000301100802841763
-0.00048371794839298593
-0.0004979779921423177
0.0004907806823360992
0.0006543020447621879
-0.0006035135707556354
-0.00038033396520199543
-0.00014290418884006242
0.0006896576622742827
0.00042185363468540626
0.00037352426598631573
-0.0007709811576817775
0.00027614739234306995
-0.00024471888567172725
-0.0006732181914678526
-0.0005839833011560577
-0.00041503606957315163
0.00040670202037728005
-0.0002933279310869889
0.00023919213408109025
0.00018067861751712
0.0006554165404881942
-0.0006943605031746751
0.0006790692523833684
-0.0009742395858578661
-0.0007434216281778732
0.00028629117362190867
-0.0006117558179988853
6.395609059968227e-05
0.000404587409270235
0.00041252682468656716
-0.141055096803445
0.14453681709751487
-0.008624162386430732
-0.01962303307206937
